4718.51649633
3641.97350222
3576.96217617
3539.60253906
3512.67702734
3494.99028129
3483.80107693
3475.57121843
3469.52965368
3463.27561441
3456.7835787
3450.27551531
3444.08961094
3437.54006712
3431.50292669
3426.17372458
3421.10982328
3415.98606711
3411.1559161
3406.32027765
3401.83641255
3398.12688863
3394.79579743
3391.49244857
3388.49506945
3384.64294071
3380.75208309
3377.59262979
3375.00512136
3372.68827107
3370.96246612
3369.34268541
3368.08545575
3366.85898541
3365.49677511
3364.02518928
3362.78501271
3361.43977691
3359.8537339
3358.40389381
3356.87464499
3355.1467079
3353.38305176
3351.87112389
3350.2260748
3348.35168706
3346.37604568
3344.27519227
3342.18341596
3340.13615412
3338.05365006
3335.87144199
3333.41969356
3330.83221337
3327.95127669
3324.84257802
3322.0416319
3319.16234253
3316.3473465
3313.37295427
3310.49165346
3307.28385959
3304.00323659
3300.82293052
3297.99970987
3295.75455656
3293.81779719
3291.97788891
3290.49808839
3288.82862761
3287.55682522
3286.63368372
3285.99950652
3285.31668922
3284.45321373
3283.23801208
3281.78382236
3280.24517945
3278.84454485
3277.25266183
3275.51790068
3273.67190647
3271.81521812
3269.9431567
3267.96365612
3265.72522362
3263.17232414
3260.51327019
3258.24482526
3256.3866625
3254.44642971
3252.24169692
3249.82006317
3247.35481361
3244.81039009
3242.20922239
3239.72801646
3237.40627784
3234.94280414
3232.77566797
3230.69377997
3228.47989115
3226.02924869
3223.31669341
3220.71667971
3218.04554086
3215.45717012
3213.09564425
3210.93683631
3208.59910428
3206.2020228
3203.69862518
3201.29193291
3198.72893757
3196.29244053
3193.78519901
3191.20431635
3188.26711971
3185.12243763
3182.16120409
3179.18510355
3176.48397672
3174.20406002
3172.03853225
3170.24383412
3168.58344488
3166.87999717
3165.09531244
3163.31661213
3161.42268393
3159.40143804
3157.5876041
3155.71798425
3154.00147959
3152.59721439
3151.14431428
3149.67417281
3148.35140712
3147.08168744
3145.79569992
3144.4006539
3143.04111531
3141.64944648
3140.43713912
3139.25935606
3137.99021553
3136.85180613
3136.06412775
3135.27798404
3134.53058866
3133.80460728
3132.87800713
3131.99527854
3131.01588024
3130.09252017
3129.28375933
3128.60271563
3128.06204592
3127.55347909
3127.1236509
3126.69595292
3126.23457725
3125.78166362
3125.40652465
3125.08931784
3124.85547976
3124.59595213
3124.31859554
3123.98557577
3123.65897693
3123.19598904
3122.68951641
3122.25382081
3121.80650338
3121.37520038
3121.08536914
3120.70361954
3120.33402496
3119.92323731
3119.53582426
3119.06714439
3118.59252274
3118.07158124
3117.57261216
3117.03673574
3116.49588772
3115.93681307
3115.34079945
3114.65744936
3113.91109348
3113.22003957
3112.64482366
3112.01945422
3111.3382306
3110.71302774
3110.04597428
3109.45294195
3109.10198756
3108.87170342
3108.60347398
3108.22979951
3107.74561401
3107.26572759
3106.75330697
3106.23290917
3105.69647949
3105.20698392
3104.77487977
3104.37557331
3104.01187388
3103.69034947
3103.37304116
3103.08534168
3102.73296415
3102.32582518
3101.89548411
3101.39862864
3100.91169405
3100.57661925
3100.25039012
3099.90928657
3099.58402974
3099.29819089
3099.06248655
3098.80589936
3098.51908921
3098.1828542
3097.79177092
3097.44975923
3097.09948512
3096.73779302
3096.4186162
3096.13915026
3095.87259575
3095.60801025
3095.39126726
3095.15259978
3094.90146284
3094.68612559
3094.45551959
3094.25702271
3094.05871604
3093.87283206
3093.67792791
3093.43898554
3093.14471602
3092.82933052
3092.56720895
3092.34146051
3092.12097417
3091.91494931
3091.67683608
3091.47605608
3091.29069908
3091.11613855
3090.95214451
3090.77552722
3090.63105552
3090.50208367
3090.36575605
3090.306496
3090.23548283
3090.15826187
3090.10753242
3090.09813437
3090.07926905
3090.03551191
3089.94110065
3089.83812378
3089.6771371
3089.45384228
3089.20636229
3088.94872664
3088.68614012
3088.41624462
3088.15176819
3087.85913983
3087.54890355
3087.26278425
3087.00674136
3086.76313181
3086.52667818
3086.30999801
3086.11442809
3085.94162213
3085.8722325
3085.77796736
3085.657085
3085.52392424
3085.40790028
3085.27818146
3085.1999139
3085.21398912
